Wooden Chest
Bronze Chest
Silver Chest
Golden Chest
Precious Chest
Magic Chest
Jormungadr Chest
